ts=2026-07-21 18:29:52.464843
ts=2026-07-21 18:51:06.467161
ts=2026-07-21 19:14:45.122932
ts=2026-07-21 19:32:24.077023
